[272, 244, 226, 226, 244, 272, 301, 244, 202, 170, 170, 202, 244, 283, 226, 170, 121, 121, 170, 226, 272, 226, 170, 121, 121, 170, 226, 272, 244, 202, 170, 170, 202, 244, 283, 272, 244, 226, 226, 244, 272, 301, 301, 283, 272, 272, 283, 301, 321]